timestamp,userCount
2021-11-14 14:52:57.323052,63
